% [K,T] = arrhenius_data gibt zwei Vektoren K (Reaktionsgeschwindigkeit) 
% und T (Temperatur) eines Datensatzes (K_i,T_i) fuer Aufgabe 4 (d) der
% 9. Uebung in NA 1 (WS 18/19) zurueck.
function [K,T] = arrhenius_data()
    
    K = [7.496000000000000e-06;
     1.006200000000000e-05;
     9.021000000000001e-06;
     1.421700000000000e-05;
     3.660800000000000e-05;
     3.064200000000000e-05;
     3.458800000000000e-05;
     2.887500000000000e-05;
     6.206500000000000e-05;
     7.190800000000000e-05;
     7.605600000000001e-05;
     6.711000000000000e-05;
     3.192700000000000e-04;
     2.553800000000000e-04;
     2.756300000000000e-04;
     2.547400000000000e-04;
     1.059900000000000e-03;
     8.435400000000000e-04;
     8.930900000000000e-04;
     9.477000000000000e-04;
     8.340900000000000e-04];
 
 T = [7.287900000000000e+02;
     7.286100000000000e+02;
     7.287700000000000e+02;
     7.288400000000000e+02;
     7.503600000000000e+02;
     7.503100000000000e+02;
     7.506600000000000e+02;
     7.507900000000000e+02;
     7.663400000000000e+02;
     7.665300000000000e+02;
     7.668800000000000e+02;
     7.648800000000000e+02;
     7.909500000000000e+02;
     7.902300000000000e+02;
     7.900200000000000e+02;
     7.900200000000000e+02;
     8.099500000000000e+02;
     8.103600000000000e+02;
     8.101300000000000e+02;
     8.103600000000000e+02;
     8.096700000000000e+02];
 
end
